;
; The code elsewhere uses ye olde observation that:
;
;	(x + y)^2 = x^2 + y^2 + 2xy
;	(x - y)^2 = x^2 + y^2 - 2xy
;
; Hence (x + y)^2 - (x - y)^2 = 4xy, so if you keep a table of f(x) = (x^2)/4 then you
; can calculate x*y as f(x + y) - f(x - y), i.e. one add, two subs and two table lookups.
;
; The table below is quarters of the squares of values up to just less than 4, in 8.8
; fixed point format. One of the restrictions placced on the engine is that individual
; objects are small and transforms don't scale them up. Hence this table is sufficient for
; all the really common multiplication - multiplication of vertices by matrices.
;
; The table is arranged as 8 sets of 256 numbers, each stored as the 256 low bytes and
; then the 256 high bytes. So that's 4kb of data. In yet another example of using the
; Sam's large amount of RAM to ameliorate for its slender amount of spare processing, this
; table will be stored in memory twice - once in the lowest 4 kb of RAM and once in the
; highest 4 kb, with the order reversed. That means that code elsewhere can look up a
; quarter of the square of hl by performing something like:
;
;	sla h
;	ld e, (hl)
;	inc h
;	ld d, (hl)
;
; Making this a very fast lookup.
;

	db 0, 0, 0, 0, 0, 0, 0, 0, 0, 0, 0, 0, 0, 0, 0, 0, 0, 0, 0, 0, 0, 0, 0, 0, 0, 0, 0, 0, 0, 0, 0, 0, 1, 1, 1, 1, 1, 1, 1, 1, 1, 1, 1, 1, 1, 1, 2, 2, 2, 2, 2, 2, 2, 2, 2, 2, 3, 3, 3, 3, 3, 3, 3, 3, 4, 4, 4, 4, 4, 4, 4, 4, 5, 5, 5, 5, 5, 5, 5, 6, 6, 6, 6, 6, 6, 7, 7, 7, 7, 7, 7, 8, 8, 8, 8, 8, 9, 9, 9, 9, 9, 9, 10, 10, 10, 10, 10, 11, 11, 11, 11, 12, 12, 12, 12, 12, 13, 13, 13, 13, 14, 14, 14, 14, 15, 15, 15, 15, 16, 16, 16, 16, 17, 17, 17, 17, 18, 18, 18, 18, 19, 19, 19, 19, 20, 20, 20, 21, 21, 21, 21, 22, 22, 22, 23, 23, 23, 24, 24, 24, 25, 25, 25, 25, 26, 26, 26, 27, 27, 27, 28, 28, 28, 29, 29, 29, 30, 30, 30, 31, 31, 31, 32, 32, 33, 33, 33, 34, 34, 34, 35, 35, 36, 36, 36, 37, 37, 37, 38, 38, 39, 39, 39, 40, 40, 41, 41, 41, 42, 42, 43, 43, 43, 44, 44, 45, 45, 45, 46, 46, 47, 47, 48, 48, 49, 49, 49, 50, 50, 51, 51, 52, 52, 53, 53, 53, 54, 54, 55, 55, 56, 56, 57, 57, 58, 58, 59, 59, 60, 60, 61, 61, 62, 62, 63, 63
	db 0, 0, 0, 0, 0, 0, 0, 0, 0, 0, 0, 0, 0, 0, 0, 0, 0, 0, 0, 0, 0, 0, 0, 0, 0, 0, 0, 0, 0, 0, 0, 0, 0, 0, 0, 0, 0, 0, 0, 0, 0, 0, 0, 0, 0, 0, 0, 0, 0, 0, 0, 0, 0, 0, 0, 0, 0, 0, 0, 0, 0, 0, 0, 0, 0, 0, 0, 0, 0, 0, 0, 0, 0, 0, 0, 0, 0, 0, 0, 0, 0, 0, 0, 0, 0, 0, 0, 0, 0, 0, 0, 0, 0, 0, 0, 0, 0, 0, 0, 0, 0, 0, 0, 0, 0, 0, 0, 0, 0, 0, 0, 0, 0, 0, 0, 0, 0, 0, 0, 0, 0, 0, 0, 0, 0, 0, 0, 0, 0, 0, 0, 0, 0, 0, 0, 0, 0, 0, 0, 0, 0, 0, 0, 0, 0, 0, 0, 0, 0, 0, 0, 0, 0, 0, 0, 0, 0, 0, 0, 0, 0, 0, 0, 0, 0, 0, 0, 0, 0, 0, 0, 0, 0, 0, 0, 0, 0, 0, 0, 0, 0, 0, 0, 0, 0, 0, 0, 0, 0, 0, 0, 0, 0, 0, 0, 0, 0, 0, 0, 0, 0, 0, 0, 0, 0, 0, 0, 0, 0, 0, 0, 0, 0, 0, 0, 0, 0, 0, 0, 0, 0, 0, 0, 0, 0, 0, 0, 0, 0, 0, 0, 0, 0, 0, 0, 0, 0, 0, 0, 0, 0, 0, 0, 0, 0, 0, 0, 0, 0, 0, 0, 0, 0, 0, 0, 0
	db 64, 64, 65, 65, 66, 66, 67, 67, 68, 68, 69, 69, 70, 70, 71, 71, 72, 72, 73, 73, 74, 74, 75, 76, 76, 77, 77, 78, 78, 79, 79, 80, 81, 81, 82, 82, 83, 83, 84, 84, 85, 86, 86, 87, 87, 88, 89, 89, 90, 90, 91, 92, 92, 93, 93, 94, 95, 95, 96, 96, 97, 98, 98, 99, 100, 100, 101, 101, 102, 103, 103, 104, 105, 105, 106, 106, 107, 108, 108, 109, 110, 110, 111, 112, 112, 113, 114, 114, 115, 116, 116, 117, 118, 118, 119, 120, 121, 121, 122, 123, 123, 124, 125, 125, 126, 127, 127, 128, 129, 130, 130, 131, 132, 132, 133, 134, 135, 135, 136, 137, 138, 138, 139, 140, 141, 141, 142, 143, 144, 144, 145, 146, 147, 147, 148, 149, 150, 150, 151, 152, 153, 153, 154, 155, 156, 157, 157, 158, 159, 160, 160, 161, 162, 163, 164, 164, 165, 166, 167, 168, 169, 169, 170, 171, 172, 173, 173, 174, 175, 176, 177, 178, 178, 179, 180, 181, 182, 183, 183, 184, 185, 186, 187, 188, 189, 189, 190, 191, 192, 193, 194, 195, 196, 196, 197, 198, 199, 200, 201, 202, 203, 203, 204, 205, 206, 207, 208, 209, 210, 211, 212, 212, 213, 214, 215, 216, 217, 218, 219, 220, 221, 222, 223, 224, 225, 225, 226, 227, 228, 229, 230, 231, 232, 233, 234, 235, 236, 237, 238, 239, 240, 241, 242, 243, 244, 245, 246, 247, 248, 249, 250, 251, 252, 253, 254, 255
	db 0, 0, 0, 0, 0, 0, 0, 0, 0, 0, 0, 0, 0, 0, 0, 0, 0, 0, 0, 0, 0, 0, 0, 0, 0, 0, 0, 0, 0, 0, 0, 0, 0, 0, 0, 0, 0, 0, 0, 0, 0, 0, 0, 0, 0, 0, 0, 0, 0, 0, 0, 0, 0, 0, 0, 0, 0, 0, 0, 0, 0, 0, 0, 0, 0, 0, 0, 0, 0, 0, 0, 0, 0, 0, 0, 0, 0, 0, 0, 0, 0, 0, 0, 0, 0, 0, 0, 0, 0, 0, 0, 0, 0, 0, 0, 0, 0, 0, 0, 0, 0, 0, 0, 0, 0, 0, 0, 0, 0, 0, 0, 0, 0, 0, 0, 0, 0, 0, 0, 0, 0, 0, 0, 0, 0, 0, 0, 0, 0, 0, 0, 0, 0, 0, 0, 0, 0, 0, 0, 0, 0, 0, 0, 0, 0, 0, 0, 0, 0, 0, 0, 0, 0, 0, 0, 0, 0, 0, 0, 0, 0, 0, 0, 0, 0, 0, 0, 0, 0, 0, 0, 0, 0, 0, 0, 0, 0, 0, 0, 0, 0, 0, 0, 0, 0, 0, 0, 0, 0, 0, 0, 0, 0, 0, 0, 0, 0, 0, 0, 0, 0, 0, 0, 0, 0, 0, 0, 0, 0, 0, 0, 0, 0, 0, 0, 0, 0, 0, 0, 0, 0, 0, 0, 0, 0, 0, 0, 0, 0, 0, 0, 0, 0, 0, 0, 0, 0, 0, 0, 0, 0, 0, 0, 0, 0, 0, 0, 0, 0, 0, 0, 0, 0, 0, 0, 0
	db 0, 1, 2, 3, 4, 5, 6, 7, 8, 9, 10, 11, 12, 13, 14, 15, 16, 17, 18, 19, 20, 21, 22, 23, 24, 25, 26, 27, 28, 29, 30, 31, 33, 34, 35, 36, 37, 38, 39, 40, 41, 42, 43, 44, 45, 46, 48, 49, 50, 51, 52, 53, 54, 55, 56, 57, 59, 60, 61, 62, 63, 64, 65, 66, 68, 69, 70, 71, 72, 73, 74, 75, 77, 78, 79, 80, 81, 82, 83, 85, 86, 87, 88, 89, 90, 92, 93, 94, 95, 96, 97, 99, 100, 101, 102, 103, 105, 106, 107, 108, 109, 110, 112, 113, 114, 115, 116, 118, 119, 120, 121, 123, 124, 125, 126, 127, 129, 130, 131, 132, 134, 135, 136, 137, 139, 140, 141, 142, 144, 145, 146, 147, 149, 150, 151, 152, 154, 155, 156, 157, 159, 160, 161, 162, 164, 165, 166, 168, 169, 170, 171, 173, 174, 175, 177, 178, 179, 181, 182, 183, 185, 186, 187, 188, 190, 191, 192, 194, 195, 196, 198, 199, 200, 202, 203, 204, 206, 207, 208, 210, 211, 212, 214, 215, 217, 218, 219, 221, 222, 223, 225, 226, 228, 229, 230, 232, 233, 234, 236, 237, 239, 240, 241, 243, 244, 246, 247, 248, 250, 251, 253, 254, 255, 1, 2, 4, 5, 6, 8, 9, 11, 12, 14, 15, 17, 18, 19, 21, 22, 24, 25, 27, 28, 30, 31, 32, 34, 35, 37, 38, 40, 41, 43, 44, 46, 47, 49, 50, 52, 53, 55, 56, 58, 59, 61, 62
	db 1, 1, 1, 1, 1, 1, 1, 1, 1, 1, 1, 1, 1, 1, 1, 1, 1, 1, 1, 1, 1, 1, 1, 1, 1, 1, 1, 1, 1, 1, 1, 1, 1, 1, 1, 1, 1, 1, 1, 1, 1, 1, 1, 1, 1, 1, 1, 1, 1, 1, 1, 1, 1, 1, 1, 1, 1, 1, 1, 1, 1, 1, 1, 1, 1, 1, 1, 1, 1, 1, 1, 1, 1, 1, 1, 1, 1, 1, 1, 1, 1, 1, 1, 1, 1, 1, 1, 1, 1, 1, 1, 1, 1, 1, 1, 1, 1, 1, 1, 1, 1, 1, 1, 1, 1, 1, 1, 1, 1, 1, 1, 1, 1, 1, 1, 1, 1, 1, 1, 1, 1, 1, 1, 1, 1, 1, 1, 1, 1, 1, 1, 1, 1, 1, 1, 1, 1, 1, 1, 1, 1, 1, 1, 1, 1, 1, 1, 1, 1, 1, 1, 1, 1, 1, 1, 1, 1, 1, 1, 1, 1, 1, 1, 1, 1, 1, 1, 1, 1, 1, 1, 1, 1, 1, 1, 1, 1, 1, 1, 1, 1, 1, 1, 1, 1, 1, 1, 1, 1, 1, 1, 1, 1, 1, 1, 1, 1, 1, 1, 1, 1, 1, 1, 1, 1, 1, 1, 1, 1, 1, 1, 1, 1, 2, 2, 2, 2, 2, 2, 2, 2, 2, 2, 2, 2, 2, 2, 2, 2, 2, 2, 2, 2, 2, 2, 2, 2, 2, 2, 2, 2, 2, 2, 2, 2, 2, 2, 2, 2, 2, 2, 2, 2, 2, 2, 2
	db 64, 65, 67, 68, 70, 71, 73, 74, 76, 77, 79, 80, 82, 83, 85, 86, 88, 89, 91, 92, 94, 95, 97, 99, 100, 102, 103, 105, 106, 108, 109, 111, 113, 114, 116, 117, 119, 120, 122, 123, 125, 127, 128, 130, 131, 133, 135, 136, 138, 139, 141, 143, 144, 146, 147, 149, 151, 152, 154, 155, 157, 159, 160, 162, 164, 165, 167, 168, 170, 172, 173, 175, 177, 178, 180, 181, 183, 185, 186, 188, 190, 191, 193, 195, 196, 198, 200, 201, 203, 205, 206, 208, 210, 211, 213, 215, 217, 218, 220, 222, 223, 225, 227, 228, 230, 232, 233, 235, 237, 239, 240, 242, 244, 245, 247, 249, 251, 252, 254, 0, 2, 3, 5, 7, 9, 10, 12, 14, 16, 17, 19, 21, 23, 24, 26, 28, 30, 31, 33, 35, 37, 38, 40, 42, 44, 46, 47, 49, 51, 53, 54, 56, 58, 60, 62, 63, 65, 67, 69, 71, 73, 74, 76, 78, 80, 82, 83, 85, 87, 89, 91, 93, 94, 96, 98, 100, 102, 104, 105, 107, 109, 111, 113, 115, 117, 118, 120, 122, 124, 126, 128, 130, 132, 133, 135, 137, 139, 141, 143, 145, 147, 148, 150, 152, 154, 156, 158, 160, 162, 164, 166, 167, 169, 171, 173, 175, 177, 179, 181, 183, 185, 187, 189, 191, 193, 194, 196, 198, 200, 202, 204, 206, 208, 210, 212, 214, 216, 218, 220, 222, 224, 226, 228, 230, 232, 234, 236, 238, 240, 242, 244, 246, 248, 250, 252, 254
	db 2, 2, 2, 2, 2, 2, 2, 2, 2, 2, 2, 2, 2, 2, 2, 2, 2, 2, 2, 2, 2, 2, 2, 2, 2, 2, 2, 2, 2, 2, 2, 2, 2, 2, 2, 2, 2, 2, 2, 2, 2, 2, 2, 2, 2, 2, 2, 2, 2, 2, 2, 2, 2, 2, 2, 2, 2, 2, 2, 2, 2, 2, 2, 2, 2, 2, 2, 2, 2, 2, 2, 2, 2, 2, 2, 2, 2, 2, 2, 2, 2, 2, 2, 2, 2, 2, 2, 2, 2, 2, 2, 2, 2, 2, 2, 2, 2, 2, 2, 2, 2, 2, 2, 2, 2, 2, 2, 2, 2, 2, 2, 2, 2, 2, 2, 2, 2, 2, 2, 3, 3, 3, 3, 3, 3, 3, 3, 3, 3, 3, 3, 3, 3, 3, 3, 3, 3, 3, 3, 3, 3, 3, 3, 3, 3, 3, 3, 3, 3, 3, 3, 3, 3, 3, 3, 3, 3, 3, 3, 3, 3, 3, 3, 3, 3, 3, 3, 3, 3, 3, 3, 3, 3, 3, 3, 3, 3, 3, 3, 3, 3, 3, 3, 3, 3, 3, 3, 3, 3, 3, 3, 3, 3, 3, 3, 3, 3, 3, 3, 3, 3, 3, 3, 3, 3, 3, 3, 3, 3, 3, 3, 3, 3, 3, 3, 3, 3, 3, 3, 3, 3, 3, 3, 3, 3, 3, 3, 3, 3, 3, 3, 3, 3, 3, 3, 3, 3, 3, 3, 3, 3, 3, 3, 3, 3, 3, 3, 3, 3, 3, 3, 3, 3, 3, 3, 3
	db 0, 2, 4, 6, 8, 10, 12, 14, 16, 18, 20, 22, 24, 26, 28, 30, 32, 34, 36, 38, 40, 42, 44, 46, 48, 50, 52, 54, 56, 58, 60, 62, 65, 67, 69, 71, 73, 75, 77, 79, 81, 83, 85, 87, 89, 91, 94, 96, 98, 100, 102, 104, 106, 108, 110, 112, 115, 117, 119, 121, 123, 125, 127, 129, 132, 134, 136, 138, 140, 142, 144, 146, 149, 151, 153, 155, 157, 159, 161, 164, 166, 168, 170, 172, 174, 177, 179, 181, 183, 185, 187, 190, 192, 194, 196, 198, 201, 203, 205, 207, 209, 211, 214, 216, 218, 220, 222, 225, 227, 229, 231, 234, 236, 238, 240, 242, 245, 247, 249, 251, 254, 0, 2, 4, 7, 9, 11, 13, 16, 18, 20, 22, 25, 27, 29, 31, 34, 36, 38, 40, 43, 45, 47, 49, 52, 54, 56, 59, 61, 63, 65, 68, 70, 72, 75, 77, 79, 82, 84, 86, 89, 91, 93, 95, 98, 100, 102, 105, 107, 109, 112, 114, 116, 119, 121, 123, 126, 128, 130, 133, 135, 137, 140, 142, 145, 147, 149, 152, 154, 156, 159, 161, 164, 166, 168, 171, 173, 175, 178, 180, 183, 185, 187, 190, 192, 195, 197, 199, 202, 204, 207, 209, 211, 214, 216, 219, 221, 223, 226, 228, 231, 233, 236, 238, 241, 243, 245, 248, 250, 253, 255, 2, 4, 7, 9, 11, 14, 16, 19, 21, 24, 26, 29, 31, 34, 36, 39, 41, 44, 46, 49, 51, 54, 56, 59, 61
	db 4, 4, 4, 4, 4, 4, 4, 4, 4, 4, 4, 4, 4, 4, 4, 4, 4, 4, 4, 4, 4, 4, 4, 4, 4, 4, 4, 4, 4, 4, 4, 4, 4, 4, 4, 4, 4, 4, 4, 4, 4, 4, 4, 4, 4, 4, 4, 4, 4, 4, 4, 4, 4, 4, 4, 4, 4, 4, 4, 4, 4, 4, 4, 4, 4, 4, 4, 4, 4, 4, 4, 4, 4, 4, 4, 4, 4, 4, 4, 4, 4, 4, 4, 4, 4, 4, 4, 4, 4, 4, 4, 4, 4, 4, 4, 4, 4, 4, 4, 4, 4, 4, 4, 4, 4, 4, 4, 4, 4, 4, 4, 4, 4, 4, 4, 4, 4, 4, 4, 4, 4, 5, 5, 5, 5, 5, 5, 5, 5, 5, 5, 5, 5, 5, 5, 5, 5, 5, 5, 5, 5, 5, 5, 5, 5, 5, 5, 5, 5, 5, 5, 5, 5, 5, 5, 5, 5, 5, 5, 5, 5, 5, 5, 5, 5, 5, 5, 5, 5, 5, 5, 5, 5, 5, 5, 5, 5, 5, 5, 5, 5, 5, 5, 5, 5, 5, 5, 5, 5, 5, 5, 5, 5, 5, 5, 5, 5, 5, 5, 5, 5, 5, 5, 5, 5, 5, 5, 5, 5, 5, 5, 5, 5, 5, 5, 5, 5, 5, 5, 5, 5, 5, 5, 5, 5, 5, 5, 5, 5, 5, 5, 6, 6, 6, 6, 6, 6, 6, 6, 6, 6, 6, 6, 6, 6, 6, 6, 6, 6, 6, 6, 6, 6, 6, 6, 6
	db 64, 66, 69, 71, 74, 76, 79, 81, 84, 86, 89, 91, 94, 96, 99, 101, 104, 106, 109, 111, 114, 116, 119, 122, 124, 127, 129, 132, 134, 137, 139, 142, 145, 147, 150, 152, 155, 157, 160, 162, 165, 168, 170, 173, 175, 178, 181, 183, 186, 188, 191, 194, 196, 199, 201, 204, 207, 209, 212, 214, 217, 220, 222, 225, 228, 230, 233, 235, 238, 241, 243, 246, 249, 251, 254, 0, 3, 6, 8, 11, 14, 16, 19, 22, 24, 27, 30, 32, 35, 38, 40, 43, 46, 48, 51, 54, 57, 59, 62, 65, 67, 70, 73, 75, 78, 81, 83, 86, 89, 92, 94, 97, 100, 102, 105, 108, 111, 113, 116, 119, 122, 124, 127, 130, 133, 135, 138, 141, 144, 146, 149, 152, 155, 157, 160, 163, 166, 168, 171, 174, 177, 179, 182, 185, 188, 191, 193, 196, 199, 202, 204, 207, 210, 213, 216, 218, 221, 224, 227, 230, 233, 235, 238, 241, 244, 247, 249, 252, 255, 2, 5, 8, 10, 13, 16, 19, 22, 25, 27, 30, 33, 36, 39, 42, 45, 47, 50, 53, 56, 59, 62, 65, 68, 70, 73, 76, 79, 82, 85, 88, 91, 93, 96, 99, 102, 105, 108, 111, 114, 117, 120, 122, 125, 128, 131, 134, 137, 140, 143, 146, 149, 152, 155, 158, 161, 163, 166, 169, 172, 175, 178, 181, 184, 187, 190, 193, 196, 199, 202, 205, 208, 211, 214, 217, 220, 223, 226, 229, 232, 235, 238, 241, 244, 247, 250, 253
	db 6, 6, 6, 6, 6, 6, 6, 6, 6, 6, 6, 6, 6, 6, 6, 6, 6, 6, 6, 6, 6, 6, 6, 6, 6, 6, 6, 6, 6, 6, 6, 6, 6, 6, 6, 6, 6, 6, 6, 6, 6, 6, 6, 6, 6, 6, 6, 6, 6, 6, 6, 6, 6, 6, 6, 6, 6, 6, 6, 6, 6, 6, 6, 6, 6, 6, 6, 6, 6, 6, 6, 6, 6, 6, 6, 7, 7, 7, 7, 7, 7, 7, 7, 7, 7, 7, 7, 7, 7, 7, 7, 7, 7, 7, 7, 7, 7, 7, 7, 7, 7, 7, 7, 7, 7, 7, 7, 7, 7, 7, 7, 7, 7, 7, 7, 7, 7, 7, 7, 7, 7, 7, 7, 7, 7, 7, 7, 7, 7, 7, 7, 7, 7, 7, 7, 7, 7, 7, 7, 7, 7, 7, 7, 7, 7, 7, 7, 7, 7, 7, 7, 7, 7, 7, 7, 7, 7, 7, 7, 7, 7, 7, 7, 7, 7, 7, 7, 7, 7, 8, 8, 8, 8, 8, 8, 8, 8, 8, 8, 8, 8, 8, 8, 8, 8, 8, 8, 8, 8, 8, 8, 8, 8, 8, 8, 8, 8, 8, 8, 8, 8, 8, 8, 8, 8, 8, 8, 8, 8, 8, 8, 8, 8, 8, 8, 8, 8, 8, 8, 8, 8, 8, 8, 8, 8, 8, 8, 8, 8, 8, 8, 8, 8, 8, 8, 8, 8, 8, 8, 8, 8, 8, 8, 8, 8, 8, 8, 8, 8, 8, 8, 8, 8, 8, 8, 8
	db 0, 3, 6, 9, 12, 15, 18, 21, 24, 27, 30, 33, 36, 39, 42, 45, 48, 51, 54, 57, 60, 63, 66, 69, 72, 75, 78, 81, 84, 87, 90, 93, 97, 100, 103, 106, 109, 112, 115, 118, 121, 124, 127, 130, 133, 136, 140, 143, 146, 149, 152, 155, 158, 161, 164, 167, 171, 174, 177, 180, 183, 186, 189, 192, 196, 199, 202, 205, 208, 211, 214, 217, 221, 224, 227, 230, 233, 236, 239, 243, 246, 249, 252, 255, 2, 6, 9, 12, 15, 18, 21, 25, 28, 31, 34, 37, 41, 44, 47, 50, 53, 56, 60, 63, 66, 69, 72, 76, 79, 82, 85, 89, 92, 95, 98, 101, 105, 108, 111, 114, 118, 121, 124, 127, 131, 134, 137, 140, 144, 147, 150, 153, 157, 160, 163, 166, 170, 173, 176, 179, 183, 186, 189, 192, 196, 199, 202, 206, 209, 212, 215, 219, 222, 225, 229, 232, 235, 239, 242, 245, 249, 252, 255, 2, 6, 9, 12, 16, 19, 22, 26, 29, 32, 36, 39, 42, 46, 49, 52, 56, 59, 62, 66, 69, 73, 76, 79, 83, 86, 89, 93, 96, 100, 103, 106, 110, 113, 116, 120, 123, 127, 130, 133, 137, 140, 144, 147, 150, 154, 157, 161, 164, 167, 171, 174, 178, 181, 184, 188, 191, 195, 198, 202, 205, 209, 212, 215, 219, 222, 226, 229, 233, 236, 240, 243, 246, 250, 253, 1, 4, 8, 11, 15, 18, 22, 25, 29, 32, 36, 39, 43, 46, 50, 53, 57, 60
	db 9, 9, 9, 9, 9, 9, 9, 9, 9, 9, 9, 9, 9, 9, 9, 9, 9, 9, 9, 9, 9, 9, 9, 9, 9, 9, 9, 9, 9, 9, 9, 9, 9, 9, 9, 9, 9, 9, 9, 9, 9, 9, 9, 9, 9, 9, 9, 9, 9, 9, 9, 9, 9, 9, 9, 9, 9, 9, 9, 9, 9, 9, 9, 9, 9, 9, 9, 9, 9, 9, 9, 9, 9, 9, 9, 9, 9, 9, 9, 9, 9, 9, 9, 9, 10, 10, 10, 10, 10, 10, 10, 10, 10, 10, 10, 10, 10, 10, 10, 10, 10, 10, 10, 10, 10, 10, 10, 10, 10, 10, 10, 10, 10, 10, 10, 10, 10, 10, 10, 10, 10, 10, 10, 10, 10, 10, 10, 10, 10, 10, 10, 10, 10, 10, 10, 10, 10, 10, 10, 10, 10, 10, 10, 10, 10, 10, 10, 10, 10, 10, 10, 10, 10, 10, 10, 10, 10, 10, 10, 10, 10, 10, 10, 11, 11, 11, 11, 11, 11, 11, 11, 11, 11, 11, 11, 11, 11, 11, 11, 11, 11, 11, 11, 11, 11, 11, 11, 11, 11, 11, 11, 11, 11, 11, 11, 11, 11, 11, 11, 11, 11, 11, 11, 11, 11, 11, 11, 11, 11, 11, 11, 11, 11, 11, 11, 11, 11, 11, 11, 11, 11, 11, 11, 11, 11, 11, 11, 11, 11, 11, 11, 11, 11, 11, 11, 11, 11, 11, 12, 12, 12, 12, 12, 12, 12, 12, 12, 12, 12, 12, 12, 12, 12, 12, 12, 12
	db 64, 67, 71, 74, 78, 81, 85, 88, 92, 95, 99, 102, 106, 109, 113, 116, 120, 123, 127, 130, 134, 137, 141, 145, 148, 152, 155, 159, 162, 166, 169, 173, 177, 180, 184, 187, 191, 194, 198, 201, 205, 209, 212, 216, 219, 223, 227, 230, 234, 237, 241, 245, 248, 252, 255, 3, 7, 10, 14, 17, 21, 25, 28, 32, 36, 39, 43, 46, 50, 54, 57, 61, 65, 68, 72, 75, 79, 83, 86, 90, 94, 97, 101, 105, 108, 112, 116, 119, 123, 127, 130, 134, 138, 141, 145, 149, 153, 156, 160, 164, 167, 171, 175, 178, 182, 186, 189, 193, 197, 201, 204, 208, 212, 215, 219, 223, 227, 230, 234, 238, 242, 245, 249, 253, 1, 4, 8, 12, 16, 19, 23, 27, 31, 34, 38, 42, 46, 49, 53, 57, 61, 64, 68, 72, 76, 80, 83, 87, 91, 95, 98, 102, 106, 110, 114, 117, 121, 125, 129, 133, 137, 140, 144, 148, 152, 156, 159, 163, 167, 171, 175, 179, 182, 186, 190, 194, 198, 202, 205, 209, 213, 217, 221, 225, 229, 232, 236, 240, 244, 248, 252, 0, 4, 7, 11, 15, 19, 23, 27, 31, 35, 38, 42, 46, 50, 54, 58, 62, 66, 70, 74, 77, 81, 85, 89, 93, 97, 101, 105, 109, 113, 117, 121, 125, 129, 132, 136, 140, 144, 148, 152, 156, 160, 164, 168, 172, 176, 180, 184, 188, 192, 196, 200, 204, 208, 212, 216, 220, 224, 228, 232, 236, 240, 244, 248, 252
	db 12, 12, 12, 12, 12, 12, 12, 12, 12, 12, 12, 12, 12, 12, 12, 12, 12, 12, 12, 12, 12, 12, 12, 12, 12, 12, 12, 12, 12, 12, 12, 12, 12, 12, 12, 12, 12, 12, 12, 12, 12, 12, 12, 12, 12, 12, 12, 12, 12, 12, 12, 12, 12, 12, 12, 13, 13, 13, 13, 13, 13, 13, 13, 13, 13, 13, 13, 13, 13, 13, 13, 13, 13, 13, 13, 13, 13, 13, 13, 13, 13, 13, 13, 13, 13, 13, 13, 13, 13, 13, 13, 13, 13, 13, 13, 13, 13, 13, 13, 13, 13, 13, 13, 13, 13, 13, 13, 13, 13, 13, 13, 13, 13, 13, 13, 13, 13, 13, 13, 13, 13, 13, 13, 13, 14, 14, 14, 14, 14, 14, 14, 14, 14, 14, 14, 14, 14, 14, 14, 14, 14, 14, 14, 14, 14, 14, 14, 14, 14, 14, 14, 14, 14, 14, 14, 14, 14, 14, 14, 14, 14, 14, 14, 14, 14, 14, 14, 14, 14, 14, 14, 14, 14, 14, 14, 14, 14, 14, 14, 14, 14, 14, 14, 14, 14, 14, 14, 14, 14, 14, 14, 15, 15, 15, 15, 15, 15, 15, 15, 15, 15, 15, 15, 15, 15, 15, 15, 15, 15, 15, 15, 15, 15, 15, 15, 15, 15, 15, 15, 15, 15, 15, 15, 15, 15, 15, 15, 15, 15, 15, 15, 15, 15, 15, 15, 15, 15, 15, 15, 15, 15, 15, 15, 15, 15, 15, 15, 15, 15, 15, 15, 15, 15, 15, 15, 15